%YAML:1.0
---
K: !!opencv-matrix
   rows: 3
   cols: 3
   dt: d
   data: [ 1.4418440647157286e+03, 0., 640., 0., 1.4418440647157286e+03,
       360., 0., 0., 1. ]
D: !!opencv-matrix
   rows: 1
   cols: 5
   dt: d
   data: [ -1.7989318589618555e-01, 5.6097805383661505e+00, 0., 0.,
       -2.8937985101370366e+01 ]
T: !!opencv-matrix
   rows: 3
   cols: 1
   dt: d
   data: [ 8.1931056627538972e+00, 4.9977901288701343e+00,
       5.7509935451469147e+01 ]
R: !!opencv-matrix
   rows: 3
   cols: 1
   dt: d
   data: [ 5.5051225667944743e-02, 6.4257292256015758e-02,
       -3.1182592985556483e+00 ]
