%YAML:1.0
---
K: !!opencv-matrix
   rows: 3
   cols: 3
   dt: d
   data: [ 1.4729392070998449e+03, 0., 640., 0., 1.4729392070998449e+03,
       360., 0., 0., 1. ]
D: !!opencv-matrix
   rows: 1
   cols: 5
   dt: d
   data: [ 2.3024244266278325e-02, 1.4193679934284884e+00, 0., 0.,
       -4.1296327149551217e+00 ]
T: !!opencv-matrix
   rows: 3
   cols: 1
   dt: d
   data: [ -9.3521138280580285e+00, -5.8471854728262018e+00,
       4.9396543934037197e+01 ]
R: !!opencv-matrix
   rows: 3
   cols: 1
   dt: d
   data: [ 4.8024260662949216e-02, 3.6945631677194744e-02,
       1.8499957655939868e-03 ]
