%YAML:1.0
---
K: !!opencv-matrix
   rows: 3
   cols: 3
   dt: d
   data: [ 1.4293256027849266e+03, 0., 640., 0., 1.4293256027849266e+03,
       360., 0., 0., 1. ]
D: !!opencv-matrix
   rows: 1
   cols: 5
   dt: d
   data: [ 5.4678049025758905e-03, 8.1911464946010160e-01, 0., 0.,
       -3.7807692880479551e+00 ]
T: !!opencv-matrix
   rows: 3
   cols: 1
   dt: d
   data: [ 6.9971067467603811e+00, 6.0067691139493258e+00,
       5.0245578393944371e+01 ]
R: !!opencv-matrix
   rows: 3
   cols: 1
   dt: d
   data: [ 3.5261533767812832e-02, -1.8891581995559917e-01,
       -3.1339798719094456e+00 ]
