%YAML:1.0
---
K1: !!opencv-matrix
   rows: 3
   cols: 3
   dt: d
   data: [ 1.4382528307776568e+03, 0., 640., 0., 1.4382528307776568e+03,
       360., 0., 0., 1. ]
D1: !!opencv-matrix
   rows: 1
   cols: 5
   dt: d
   data: [ -2.8001889167291454e-02, 7.9030987987317292e-01, 0., 0.,
       7.8560861711484264e+00 ]
K2: !!opencv-matrix
   rows: 3
   cols: 3
   dt: d
   data: [ 1.4382528307776568e+03, 0., 640., 0., 1.4382528307776568e+03,
       360., 0., 0., 1. ]
D2: !!opencv-matrix
   rows: 1
   cols: 5
   dt: d
   data: [ -2.8001889167291454e-02, 7.9030987987317292e-01, 0., 0.,
       7.8560861711484264e+00 ]
R: !!opencv-matrix
   rows: 3
   cols: 3
   dt: d
   data: [ 9.9973097504445441e-01, -3.4602799025454270e-03,
       -2.2934777078937194e-02, 3.9295739393993712e-03,
       9.9978318037196945e-01, 2.0448733309541296e-02,
       2.2859046028198465e-02, -2.0533355992287051e-02,
       9.9952781117204281e-01 ]
T: !!opencv-matrix
   rows: 3
   cols: 1
   dt: d
   data: [ -1.9229018635411407e+01, 4.2275534358464636e-02,
       -5.3122963816027391e-01 ]
E: !!opencv-matrix
   rows: 3
   cols: 3
   dt: d
   data: [ 3.0538845277179993e-03, 5.3024639855098266e-01,
       5.3118545520308216e-02, -9.1529702066527885e-02,
       -3.9299808178266171e-01, 1.9232122540968117e+01,
       -1.1782601169465071e-01, -1.9224703121561575e+01,
       -3.9223949392332319e-01 ]
F: !!opencv-matrix
   rows: 3
   cols: 3
   dt: d
   data: [ -4.3363261377841476e-09, -7.5291691504154334e-07,
       1.6534507277521531e-04, 1.2996648558656020e-07,
       5.5803283937740093e-07, -3.9560480078766440e-02,
       1.9661508131311520e-04, 3.9542232551423216e-02, 1. ]
R1: !!opencv-matrix
   rows: 3
   cols: 3
   dt: d
   data: [ 9.9996990816148701e-01, -6.2232055739878138e-03,
       4.6318985190871385e-03, 6.1757639618475069e-03,
       9.9992903844189740e-01, 1.0187149755928842e-02,
       -4.6949665594953945e-03, -1.0158237693914364e-02,
       9.9993738178745939e-01 ]
R2: !!opencv-matrix
   rows: 3
   cols: 3
   dt: d
   data: [ 9.9961619377458644e-01, -2.1976841120415961e-03,
       2.7615852841294128e-02, 2.4804281628082927e-03,
       9.9994481662938928e-01, -1.0208387343063561e-02,
       -2.7591894094778642e-02, 1.0272968439577380e-02,
       9.9956648278126159e-01 ]
P1: !!opencv-matrix
   rows: 3
   cols: 4
   dt: d
   data: [ .Nan, 0., .Nan, 0., 0., .Nan, .Nan, 0., 0., 0., 1., 0. ]
P2: !!opencv-matrix
   rows: 3
   cols: 4
   dt: d
   data: [ .Nan, 0., .Nan, .Nan, 0., .Nan, .Nan, 0., 0., 0., 1., 0. ]
Q: !!opencv-matrix
   rows: 4
   cols: 4
   dt: d
   data: [ 1., 0., 0., .Nan, 0., 1., 0., .Nan, 0., 0., 0., .Nan, 0., 0.,
       5.1984774300115999e-02, .Nan ]
