%YAML:1.0
---
K: !!opencv-matrix
   rows: 3
   cols: 3
   dt: d
   data: [ 1.4382528307776568e+03, 0., 640., 0., 1.4382528307776568e+03,
       360., 0., 0., 1. ]
D: !!opencv-matrix
   rows: 1
   cols: 5
   dt: d
   data: [ -2.8001889167291454e-02, 7.9030987987317292e-01, 0., 0.,
       7.8560861711484264e+00 ]
T: !!opencv-matrix
   rows: 3
   cols: 1
   dt: d
   data: [ -7.3877844027166732e+00, -7.3420238953523214e+00,
       4.6363146661798623e+01 ]
R: !!opencv-matrix
   rows: 3
   cols: 1
   dt: d
   data: [ 2.0534492830561014e-02, -5.8083764394512016e-02,
       -2.3383986829486388e-02 ]
