%YAML:1.0
---
OP: !!opencv-matrix
   rows: 54
   cols: 3
   dt: f
   data: [ 0., 0., 0., 2.29999995e+00, 0., 0., 4.59999990e+00, 0., 0.,
       6.89999962e+00, 0., 0., 9.19999981e+00, 0., 0., 1.15000000e+01,
       0., 0., 1.37999992e+01, 0., 0., 1.61000004e+01, 0., 0.,
       1.83999996e+01, 0., 0., 0., 2.29999995e+00, 0., 2.29999995e+00,
       2.29999995e+00, 0., 4.59999990e+00, 2.29999995e+00, 0.,
       6.89999962e+00, 2.29999995e+00, 0., 9.19999981e+00,
       2.29999995e+00, 0., 1.15000000e+01, 2.29999995e+00, 0.,
       1.37999992e+01, 2.29999995e+00, 0., 1.61000004e+01,
       2.29999995e+00, 0., 1.83999996e+01, 2.29999995e+00, 0., 0.,
       4.59999990e+00, 0., 2.29999995e+00, 4.59999990e+00, 0.,
       4.59999990e+00, 4.59999990e+00, 0., 6.89999962e+00,
       4.59999990e+00, 0., 9.19999981e+00, 4.59999990e+00, 0.,
       1.15000000e+01, 4.59999990e+00, 0., 1.37999992e+01,
       4.59999990e+00, 0., 1.61000004e+01, 4.59999990e+00, 0.,
       1.83999996e+01, 4.59999990e+00, 0., 0., 6.89999962e+00, 0.,
       2.29999995e+00, 6.89999962e+00, 0., 4.59999990e+00,
       6.89999962e+00, 0., 6.89999962e+00, 6.89999962e+00, 0.,
       9.19999981e+00, 6.89999962e+00, 0., 1.15000000e+01,
       6.89999962e+00, 0., 1.37999992e+01, 6.89999962e+00, 0.,
       1.61000004e+01, 6.89999962e+00, 0., 1.83999996e+01,
       6.89999962e+00, 0., 0., 9.19999981e+00, 0., 2.29999995e+00,
       9.19999981e+00, 0., 4.59999990e+00, 9.19999981e+00, 0.,
       6.89999962e+00, 9.19999981e+00, 0., 9.19999981e+00,
       9.19999981e+00, 0., 1.15000000e+01, 9.19999981e+00, 0.,
       1.37999992e+01, 9.19999981e+00, 0., 1.61000004e+01,
       9.19999981e+00, 0., 1.83999996e+01, 9.19999981e+00, 0., 0.,
       1.15000000e+01, 0., 2.29999995e+00, 1.15000000e+01, 0.,
       4.59999990e+00, 1.15000000e+01, 0., 6.89999962e+00,
       1.15000000e+01, 0., 9.19999981e+00, 1.15000000e+01, 0.,
       1.15000000e+01, 1.15000000e+01, 0., 1.37999992e+01,
       1.15000000e+01, 0., 1.61000004e+01, 1.15000000e+01, 0.,
       1.83999996e+01, 1.15000000e+01, 0. ]
...
---
IP: !!opencv-matrix
   rows: 54
   cols: 1
   dt: "2f"
   data: [ 3.68533112e+02, 1.48850784e+02, 4.45875671e+02,
       1.48476212e+02, 5.23551331e+02, 1.47729263e+02, 6.02063416e+02,
       1.46809692e+02, 6.81422119e+02, 1.46045685e+02, 7.61797668e+02,
       1.45105774e+02, 8.43593079e+02, 1.44126694e+02, 9.25907166e+02,
       1.42723816e+02, 1.01033954e+03, 1.41331772e+02, 3.70033997e+02,
       2.27597443e+02, 4.46724701e+02, 2.27312622e+02, 5.23991638e+02,
       2.26930618e+02, 6.02653687e+02, 2.26570206e+02, 6.81716125e+02,
       2.26251968e+02, 7.61825867e+02, 2.25690552e+02, 8.43149902e+02,
       2.25312485e+02, 9.24891785e+02, 2.24572800e+02, 1.00877051e+03,
       2.23893021e+02, 3.71897491e+02, 3.05681061e+02, 4.48330170e+02,
       3.05727234e+02, 5.25559265e+02, 3.05724976e+02, 6.03512146e+02,
       3.05932617e+02, 6.82193542e+02, 3.05693115e+02, 7.61922241e+02,
       3.05926270e+02, 8.42640015e+02, 3.05809906e+02, 9.24393372e+02,
       3.05830353e+02, 1.00752185e+03, 3.05827637e+02, 3.73574219e+02,
       3.83692047e+02, 4.49702820e+02, 3.84333557e+02, 5.26086731e+02,
       3.84647461e+02, 6.04218628e+02, 3.84925598e+02, 6.82606262e+02,
       3.85592194e+02, 7.61810608e+02, 3.85890625e+02, 8.42606262e+02,
       3.86502197e+02, 9.23788452e+02, 3.86930145e+02, 1.00654163e+03,
       3.87633942e+02, 3.75466858e+02, 4.60334381e+02, 4.51241150e+02,
       4.61021057e+02, 5.27745972e+02, 4.61961609e+02, 6.05265015e+02,
       4.62751312e+02, 6.82941223e+02, 4.63748016e+02, 7.62185791e+02,
       4.64587463e+02, 8.42237061e+02, 4.65567535e+02, 9.23265015e+02,
       4.67356415e+02, 1.00574591e+03, 4.67974426e+02, 3.76783630e+02,
       5.36478088e+02, 4.52463776e+02, 5.37776123e+02, 5.28347290e+02,
       5.39258057e+02, 6.05525024e+02, 5.40482422e+02, 6.83356812e+02,
       5.41848022e+02, 7.62077454e+02, 5.43501892e+02, 8.42402222e+02,
       5.45210693e+02, 9.23058350e+02, 5.46691101e+02, 1.00608130e+03,
       5.48855774e+02 ]
...
---
IP2: !!opencv-matrix
   rows: 54
   cols: 1
   dt: "2f"
   data: [ 3.68552826e+02, 1.48930786e+02, 4.45596436e+02,
       1.48218628e+02, 5.23351257e+02, 1.47456940e+02, 6.01896362e+02,
       1.46643250e+02, 6.81314880e+02, 1.45777069e+02, 7.61697266e+02,
       1.44852264e+02, 8.43159546e+02, 1.43839355e+02, 9.25892944e+02,
       1.42655533e+02, 1.01026160e+03, 1.41119354e+02, 3.70355957e+02,
       2.27723404e+02, 4.47066162e+02, 2.27405136e+02, 5.24478210e+02,
       2.27054001e+02, 6.02676941e+02, 2.26668228e+02, 6.81748291e+02,
       2.26254364e+02, 7.61774841e+02, 2.25822174e+02, 8.42844299e+02,
       2.25371613e+02, 9.25086304e+02, 2.24870132e+02, 1.00875439e+03,
       2.24218002e+02, 3.72073395e+02, 3.05867859e+02, 4.48464874e+02,
       3.05937622e+02, 5.25547607e+02, 3.05990234e+02, 6.03415771e+02,
       3.06024567e+02, 6.82163086e+02, 3.06050201e+02, 7.61872131e+02,
       3.06083893e+02, 8.42615662e+02, 3.06140350e+02, 9.24483398e+02,
       3.06215515e+02, 1.00765179e+03, 3.06261078e+02, 3.73703400e+02,
       3.83400208e+02, 4.49792542e+02, 3.83845947e+02, 5.26562988e+02,
       3.84295929e+02, 6.04118591e+02, 3.84750244e+02, 6.82561890e+02,
       3.85219025e+02, 7.61978943e+02, 3.85720062e+02, 8.42435242e+02,
       3.86272614e+02, 9.23995728e+02, 3.86885773e+02, 1.00678510e+03,
       3.87540863e+02, 3.75237671e+02, 4.60357758e+02, 4.51047119e+02,
       4.61166473e+02, 5.27529968e+02, 4.62008423e+02, 6.04797974e+02,
       4.62885345e+02, 6.82960693e+02, 4.63806458e+02, 7.62107910e+02,
       4.64786865e+02, 8.42302002e+02, 4.65843597e+02, 9.23593323e+02,
       4.66988678e+02, 1.00607410e+03, 4.68218384e+02, 3.76668213e+02,
       5.36804688e+02, 4.52227081e+02, 5.37966553e+02, 5.28454590e+02,
       5.39196716e+02, 6.05466797e+02, 5.40498901e+02, 6.83377197e+02,
       5.41880493e+02, 7.62277405e+02, 5.43351624e+02, 8.42228333e+02,
       5.44923340e+02, 9.23272827e+02, 5.46604492e+02, 1.00548596e+03,
       5.48397644e+02 ]
...
---
