%YAML:1.0
---
K: !!opencv-matrix
   rows: 3
   cols: 3
   dt: d
   data: [ 2.9673599589835217e+03, 0., 4.9068769302607211e+02, 0.,
       2.9451318682393867e+03, 6.0356723236636515e+02, 0., 0., 1. ]
D: !!opencv-matrix
   rows: 1
   cols: 5
   dt: d
   data: [ 3.6467119463334452e-01, -5.4052055157012706e+00,
       2.2543795555106435e-02, -1.2213345703366860e-02,
       6.3740183864191465e+01 ]
