%YAML:1.0
---
K1: !!opencv-matrix
   rows: 3
   cols: 3
   dt: d
   data: [ 1.4382528307776568e+03, 0., 640., 0., 1.4382528307776568e+03,
       360., 0., 0., 1. ]
D1: !!opencv-matrix
   rows: 1
   cols: 5
   dt: d
   data: [ 0., 0., 0., 0., 0. ]
K2: !!opencv-matrix
   rows: 3
   cols: 3
   dt: d
   data: [ 1.4382528307776568e+03, 0., 640., 0., 1.4382528307776568e+03,
       360., 0., 0., 1. ]
D2: !!opencv-matrix
   rows: 1
   cols: 5
   dt: d
   data: [ 0., 0., 0., 0., 0. ]
R: !!opencv-matrix
   rows: 3
   cols: 3
   dt: d
   data: [ 9.9969982782754130e-01, -1.2155755721479377e-03,
       -2.4469912497039309e-02, 1.7156546960118868e-03,
       9.9978989788043815e-01, 2.0425881258519595e-02,
       2.4439942114260739e-02, -2.0461731897654385e-02,
       9.9949187428272779e-01 ]
T: !!opencv-matrix
   rows: 3
   cols: 1
   dt: d
   data: [ -1.9003026126351365e+01, 6.7386732194797697e-02,
       -3.3972386619168182e-01 ]
E: !!opencv-matrix
   rows: 3
   cols: 3
   dt: d
   data: [ 2.2297766804891192e-03, 3.3827364023970019e-01,
       7.4291650614683083e-02, 1.2481096798308083e-01,
       -3.8842186580850513e-01, 1.9001683213349434e+01,
       -9.9969135585111196e-02, -1.8998951636618585e+01,
       -3.8650460776913043e-01 ]
F: !!opencv-matrix
   rows: 3
   cols: 3
   dt: d
   data: [ -3.0968155420347763e-09, -4.6980985841379911e-07,
       2.2715112572165631e-05, -1.7334316429465219e-07,
       5.3945800107572463e-07, -3.8039338818077223e-02,
       2.6407496132016994e-04, 3.8057090636934569e-02, 1. ]
R1: !!opencv-matrix
   rows: 3
   cols: 3
   dt: d
   data: [ 9.9996459779144642e-01, -5.1258862504580905e-03,
       -6.6729644040870980e-03, 5.1935656332548867e-03,
       9.9993484954678957e-01, 1.0164818633520275e-02,
       6.6204259533599544e-03, -1.0199115255092095e-02,
       9.9992607127137612e-01 ]
R2: !!opencv-matrix
   rows: 3
   cols: 3
   dt: d
   data: [ 9.9983395400292108e-01, -3.5455165114061612e-03,
       1.7874387697261230e-02, 3.7277780700171229e-03,
       9.9994129685916644e-01, -1.0173814735340299e-02,
       -1.7837266986434785e-02, 1.0238757164601313e-02,
       9.9978847750820710e-01 ]
P1: !!opencv-matrix
   rows: 3
   cols: 4
   dt: d
   data: [ 1.3859466436094624e+03, 0., 6.3034434509277344e+02, 0., 0.,
       1.3859466436094624e+03, 3.6000528717041016e+02, 0., 0., 0., 1.,
       0. ]
P2: !!opencv-matrix
   rows: 3
   cols: 4
   dt: d
   data: [ 1.3859466436094624e+03, 0., 6.3034434509277344e+02,
       -2.6341554187869329e+04, 0., 1.3859466436094624e+03,
       3.6000528717041016e+02, 0., 0., 0., 1., 0. ]
Q: !!opencv-matrix
   rows: 4
   cols: 4
   dt: d
   data: [ 1., 0., 0., -6.3034434509277344e+02, 0., 1., 0.,
       -3.6000528717041016e+02, 0., 0., 0., 1.3859466436094624e+03, 0.,
       0., 5.2614459789457342e-02, 0. ]
