%YAML:1.0
---
K1: !!opencv-matrix
   rows: 3
   cols: 3
   dt: d
   data: [ 2.9673599589835217e+03, 0., 4.9068769302607211e+02, 0.,
       2.9451318682393867e+03, 6.0356723236636515e+02, 0., 0., 1. ]
D1: !!opencv-matrix
   rows: 1
   cols: 5
   dt: d
   data: [ 3.6467119463334452e-01, -5.4052055157012706e+00,
       2.2543795555106435e-02, -1.2213345703366860e-02,
       6.3740183864191465e+01 ]
K2: !!opencv-matrix
   rows: 3
   cols: 3
   dt: d
   data: [ 2.9673599589835217e+03, 0., 4.9068769302607211e+02, 0.,
       2.9451318682393867e+03, 6.0356723236636515e+02, 0., 0., 1. ]
D2: !!opencv-matrix
   rows: 1
   cols: 5
   dt: d
   data: [ 3.6467119463334452e-01, -5.4052055157012706e+00,
       2.2543795555106435e-02, -1.2213345703366860e-02,
       6.3740183864191465e+01 ]
R: !!opencv-matrix
   rows: 3
   cols: 3
   dt: d
   data: [ 9.9993695621249157e-01, 9.3436464638102599e-03,
       -6.2273486538740623e-03, -9.3642901400380254e-03,
       9.9995072817585118e-01, -3.2941297421511984e-03,
       6.1962626373296735e-03, 3.3522367673337939e-03,
       9.9997518411107833e-01 ]
T: !!opencv-matrix
   rows: 3
   cols: 1
   dt: d
   data: [ 9.8353506084498363e+00, -5.8493518115169207e-01,
       1.6597412929961539e+00 ]
E: !!opencv-matrix
   rows: 3
   cols: 3
   dt: d
   data: [ 1.1917887016787955e-02, -1.6616203557357965e+00,
       -5.7945326230767513e-01, 1.5986942411185838e+00,
       -1.7462388066120965e-02, -9.8454423231883510e+00,
       4.9279722789590152e-01, 9.8403314303211413e+00,
       -3.6041516276728060e-02 ]
F: !!opencv-matrix
   rows: 3
   cols: 3
   dt: d
   data: [ -5.8329219271052303e-08, 8.1937779499748686e-06,
       3.4985406698849406e-03, -7.8834768582433650e-06,
       8.6760392661951864e-08, 1.4788074950516536e-01,
       -2.3700774914509068e-03, -1.4806295604869821e-01,
       9.9999999999999989e-01 ]
R1: !!opencv-matrix
   rows: 3
   cols: 3
   dt: d
   data: [ 9.8588258890513025e-01, -4.8785685988029681e-02,
       1.6017327410150312e-01, 4.9003628362298178e-02,
       9.9879523857744168e-01, 2.5914865157080197e-03,
       -1.6010673096733832e-01, 5.2941701624236396e-03,
       9.8708551122040256e-01 ]
R2: !!opencv-matrix
   rows: 3
   cols: 3
   dt: d
   data: [ 9.8436714410746007e-01, -5.8543004380910632e-02,
       1.6611454553945493e-01, 5.8316790496891667e-02,
       9.9827860522737966e-01, 6.2432596789736977e-03,
       -1.6619409600784446e-01, 3.5416074505981851e-03,
       9.8608669977279440e-01 ]
P1: !!opencv-matrix
   rows: 3
   cols: 4
   dt: d
   data: [ -1.2768262633424780e+04, 0., -1.8039740413427353e+01, 0., 0.,
       -1.2768262633424780e+04, 6.0342438197135925e+02, 0., 0., 0., 1.,
       0. ]
P2: !!opencv-matrix
   rows: 3
   cols: 4
   dt: d
   data: [ -1.2768262633424780e+04, 0., -1.8039740413427353e+01,
       -1.2757469650652270e+05, 0., -1.2768262633424780e+04,
       6.0342438197135925e+02, 0., 0., 0., 1., 0. ]
Q: !!opencv-matrix
   rows: 4
   cols: 4
   dt: d
   data: [ 1., 0., 0., 1.8039740413427353e+01, 0., 1., 0.,
       -6.0342438197135925e+02, 0., 0., 0., -1.2768262633424780e+04, 0.,
       0., -1.0008460128119495e-01, 0. ]
